# chao1.txt
# Description
xaxis: 10.0	23.0	36.0	49.0	62.0	75.0	88.0	101.0	114.0	127.0	140.0	
xmax: 153.0
>> Control_mouse_I.D._356
color #f27304
series 25.8	74.825	88.375	127.775	132.112857143	190.967142857	184.38952381	181.015378788	192.178455711	190.562821884	194.235913865	
error nan	nan	nan	nan	nan	nan	nan	nan	nan	nan	nan	
>> Control_mouse_I.D._354
color #ff0000
series 21.15	53.1833333333	83.3833333333	125.853333333	142.233333333	154.105	156.823571429	174.06	140.741746032	194.643611111	177.532063492	
error nan	nan	nan	nan	nan	nan	nan	nan	nan	nan	nan	
>> Control_mouse_I.D._355
color #0000ff
series 26.65	45.525	50.315	84.1623809523	78.3355952381	120.053333333	99.0112734488	105.853813131	131.502777778	123.62759324	122.952389277	
error nan	nan	nan	nan	nan	nan	nan	nan	nan	nan	nan	
>> Control_mouse_I.D._593
color #91278d
series 21.85	30.7583333333	47.9766666667	72.015	56.7366666667	75.9842857143	77.7651190476	81.0952380952	84.0992424242	95.8817857143	89.1976190476	
error nan	nan	nan	nan	nan	nan	nan	nan	nan	nan	nan	
>> Control_mouse_I.D._481
color #008000
series 45.4	78.3	94.77	138.88952381	152.140833333	144.802777778	174.618189033	198.766955267	227.111111111	217.498350816	215.056107226	
error nan	nan	nan	nan	nan	nan	nan	nan	nan	nan	nan	
>> Fasting_mouse_I.D._636
color #5da09e
series 21.3	52.05	67.06	94.0226190476	116.095833333	132.532619048	119.227301587	127.461580087	140.061852869	148.772882118	163.587781385	
error nan	nan	nan	nan	nan	nan	nan	nan	nan	nan	nan	
>> Fasting_mouse_I.D._634
color #7cecf4
series 22.4	64.275	71.6033333333	71.2166666667	95.5534632035	113.318939394	115.46533189	110.869090909	142.533225108	137.196363636	137.127853535	
error nan	nan	nan	nan	nan	nan	nan	nan	nan	nan	nan	
>> Fasting_mouse_I.D._635
color #f49ac2
series 33.35	82.8583333333	116.391666667	147.1275	185.645	163.356111111	209.400909091	286.399058442	278.33718254	291.454166667	330.382348485	
error nan	nan	nan	nan	nan	nan	nan	nan	nan	nan	nan	
>> Fasting_mouse_I.D._607
color #ffff00
series 35.4	72.45	70.9007142857	115.455	129.461666667	131.534166667	170.710757576	187.771028139	191.753055555	208.106529581	211.74469697	
error nan	nan	nan	nan	nan	nan	nan	nan	nan	nan	nan	
