# chao1.txt
# DOB
xaxis: 10.0	23.0	36.0	49.0	62.0	75.0	88.0	101.0	114.0	127.0	140.0	
xmax: 153.0
>> 20070314
color #f27304
series 45.4	78.3	94.77	138.88952381	152.140833333	144.802777778	174.618189033	198.766955267	227.111111111	217.498350816	215.056107226	
error nan	nan	nan	nan	nan	nan	nan	nan	nan	nan	nan	
>> 20071112
color #008000
series 35.4	72.45	70.9007142857	115.455	129.461666667	131.534166667	170.710757576	187.771028139	191.753055555	208.106529581	211.74469697	
error nan	nan	nan	nan	nan	nan	nan	nan	nan	nan	nan	
>> 20080116
color #ffff00
series 25.6833333333	66.3944444444	85.0183333333	104.122261905	132.431432179	136.402556518	148.031180856	174.909909812	186.977420172	192.474470807	210.365994469	
error 5.43972017254	12.6664223904	22.2617010847	31.8026806388	38.5509195119	20.6100614649	43.4221200289	79.1252187814	64.6089857271	70.1485998406	85.5491120897	
>> 20061126
color #ff0000
series 25.8	74.825	88.375	127.775	132.112857143	190.967142857	184.38952381	181.015378788	192.178455711	190.562821884	194.235913865	
error nan	nan	nan	nan	nan	nan	nan	nan	nan	nan	nan	
>> 20061218
color #0000ff
series 23.9	49.3541666667	66.8491666667	105.007857143	110.284464286	137.079166667	127.917422439	139.956906566	136.122261905	159.135602176	150.242226385	
error 2.75	3.82916666667	16.5341666667	20.8454761905	31.9488690476	17.0258333334	28.9061489899	34.1030934344	4.61948412695	35.5080089355	27.2898371073	
>> 20071210
color #91278d
series 21.85	30.7583333333	47.9766666667	72.015	56.7366666667	75.9842857143	77.7651190476	81.0952380952	84.0992424242	95.8817857143	89.1976190476	
error nan	nan	nan	nan	nan	nan	nan	nan	nan	nan	nan	
