# chao1.txt
# Treatment
xaxis: 10.0	23.0	36.0	49.0	62.0	75.0	88.0	101.0	114.0	127.0	140.0	
xmax: 153.0
>> Control
color #ff0000
series 28.17	56.5183333333	72.964	109.739047619	112.311857143	137.182507937	138.521535354	148.158277056	155.126666611	164.442832553	159.794818582	
error 8.87719550309	17.9171886746	19.7934690856	26.5027760472	37.7272046468	38.1467095026	42.4127533049	46.040950378	49.7282703817	46.423549606	46.6817696817	
>> Fast
color #0000ff
series 28.1125	67.9083333333	81.4889285714	106.955446429	131.688990801	135.185459055	153.701075036	178.125189394	188.171329018	196.382485501	210.710670094	
error 6.31628599337	11.2784870809	20.2251723184	27.9756800721	33.4108321359	17.972894978	38.8658395109	68.75037639	55.9912228167	61.1264041249	74.0901095853	
