# observed_species.txt
# Treatment
xaxis: 10.0	23.0	36.0	49.0	62.0	75.0	88.0	101.0	114.0	127.0	140.0	
xmax: 153.0
>> Control
color #ff0000
series 8.54	17.02	23.92	30.2	35.82	41.34	46.28	51.32	56.34	60.86	65.26	
error 0.694550214167	2.39616360042	3.71289644348	4.41316213162	5.97909692178	6.52858330727	8.05366997089	9.16502045824	10.7026351895	11.2833682914	12.4577044434	
>> Fast
color #0000ff
series 8.575	17.1	25.625	32.15	39.175	45.075	50.575	55.575	60.4	65.525	70.325	
error 0.64177488265	2.10119013895	2.88042965545	4.71248342172	4.87512820344	4.8303079612	6.13285210974	7.94524228705	8.40148796345	10.318278684	10.6224702871	
