# observed_species.txt
# DOB
xaxis: 10.0	23.0	36.0	49.0	62.0	75.0	88.0	101.0	114.0	127.0	140.0	
xmax: 153.0
>> 20070314
color #f27304
series 9.7	19.7	29.1	37.0	43.3	50.0	55.4	60.9	68.4	72.8	78.8	
error nan	nan	nan	nan	nan	nan	nan	nan	nan	nan	nan	
>> 20071112
color #008000
series 9.2	18.4	25.9	34.1	41.3	46.3	52.3	57.6	63.9	69.9	73.8	
error nan	nan	nan	nan	nan	nan	nan	nan	nan	nan	nan	
>> 20080116
color #ffff00
series 8.36666666667	16.6666666667	25.5333333333	31.5	38.4666666667	44.6666666667	50.0	54.9	59.2333333333	64.0666666667	69.1666666667	
error 0.612825877028	2.26617641757	3.32097709852	5.28393792545	5.44813933579	5.51744707471	6.98760807907	9.07450641449	9.41641592587	11.5520080025	12.0450081869	
>> 20061126
color #ff0000
series 8.9	19.8	27.3	33.2	42.2	47.5	55.1	62.3	68.4	74.3	79.4	
error nan	nan	nan	nan	nan	nan	nan	nan	nan	nan	nan	
>> 20061218
color #0000ff
series 7.95	15.55	21.65	28.2	32.9	38.5	43.35	47.8	52.0	56.45	60.8	
error 0.25	1.25	1.45	0.5	0.6	0.5	0.35	0.2	1.7	0.35	0.7	
>> 20071210
color #91278d
series 8.2	14.5	19.9	24.4	27.8	32.2	34.2	37.8	40.9	44.3	46.5	
error nan	nan	nan	nan	nan	nan	nan	nan	nan	nan	nan	
