# PD_whole_tree.txt
# DOB
xaxis: 10.0	23.0	36.0	49.0	62.0	75.0	88.0	101.0	114.0	127.0	140.0	
xmax: 153.0
>> 20070314
color #f27304
series 1.359354	2.535151	3.183573	3.79934	4.344512	4.612737	4.705159	5.248348	5.587647	5.849644	6.1269	
error nan	nan	nan	nan	nan	nan	nan	nan	nan	nan	nan	
>> 20071112
color #008000
series 1.853793	3.046882	3.443394	4.345987	4.67555	5.275979	5.696855	5.986743	6.412335	6.8724	7.064095	
error nan	nan	nan	nan	nan	nan	nan	nan	nan	nan	nan	
>> 20080116
color #ffff00
series 1.72419433333	2.80575766667	3.65740066667	4.10550933333	4.664761	5.11637533333	5.476114	5.820572	6.10585533333	6.30043766667	6.61902566667	
error 0.0935052878944	0.215313213885	0.203097959419	0.274812984732	0.318374876776	0.222484888788	0.277166538662	0.401003641427	0.307061719675	0.430041766797	0.463338784368	
>> 20061126
color #ff0000
series 1.367278	2.065949	2.652949	3.071346	3.653675	3.811622	4.140283	4.432527	4.741784	5.055698	5.387786	
error nan	nan	nan	nan	nan	nan	nan	nan	nan	nan	nan	
>> 20061218
color #0000ff
series 1.2199645	1.9123495	2.3237215	2.8888095	3.1346145	3.5017015	3.769722	4.0274825	4.3152795	4.5860865	4.833877	
error 0.1846105	0.0203585	0.0158825	0.1859915	0.1786435	0.1821075	0.25202	0.3499975	0.2897105	0.3986825	0.394104	
>> 20071210
color #91278d
series 1.547085	2.29021	2.866645	3.271281	3.623277	3.820838	4.033708	4.177789	4.409035	4.630015	4.754458	
error nan	nan	nan	nan	nan	nan	nan	nan	nan	nan	nan	
