# PD_whole_tree.txt
# Treatment
xaxis: 10.0	23.0	36.0	49.0	62.0	75.0	88.0	101.0	114.0	127.0	140.0	
xmax: 153.0
>> Control
color #ff0000
series 1.3427292	2.1432018	2.670122	3.1839172	3.5781386	3.84972	4.0837188	4.3827258	4.673805	4.941506	5.1873796	
error 0.167895644436	0.240257398317	0.329557051593	0.358444616844	0.458764790683	0.422620540347	0.378445412876	0.508167914975	0.516677252107	0.54869346571	0.578073787845	
>> Fast
color #0000ff
series 1.756594	2.86603875	3.603899	4.16562875	4.66745825	5.15627625	5.53129925	5.86211475	6.18247525	6.44342825	6.730293	
error 0.0985223038124	0.213708357531	0.19880611371	0.25977810765	0.275760307322	0.204697078037	0.258364477179	0.354655241835	0.297198603054	0.44725927789	0.445144224074	
