# shannon.txt
# DOB
xaxis: 10.0	23.0	36.0	49.0	62.0	75.0	88.0	101.0	114.0	127.0	140.0	
xmax: 153.0
>> 20070314
color #f27304
series 3.26192809489	4.19908721483	4.74448468062	5.02081803406	5.16076063165	5.37009435082	5.44742866913	5.52619247816	5.67959830054	5.7250792513	5.81178647423	
error nan	nan	nan	nan	nan	nan	nan	nan	nan	nan	nan	
>> 20071112
color #008000
series 3.15437921987	4.04513108641	4.49647297919	4.81087791603	5.03404877701	5.16487437725	5.2261340919	5.35498067459	5.45377377951	5.54485939074	5.57711671419	
error nan	nan	nan	nan	nan	nan	nan	nan	nan	nan	nan	
>> 20080116
color #ffff00
series 2.95479820993	3.7647713977	4.3836165139	4.55731218056	4.79831512992	4.98093032856	5.06352748048	5.15140701802	5.20013779416	5.27793746044	5.35299645165	
error 0.161379887082	0.360602210646	0.316231639549	0.440686900484	0.407259297271	0.36836636984	0.440405042179	0.473892310324	0.476684681743	0.521468088397	0.50182899026	
>> 20061126
color #ff0000
series 3.09437921987	4.22560836904	4.58962744184	4.72152947033	5.11003898275	5.19564861512	5.36615091595	5.53593438402	5.65022785538	5.71914337748	5.77827935482	
error nan	nan	nan	nan	nan	nan	nan	nan	nan	nan	nan	
>> 20061218
color #0000ff
series 2.84123326745	3.6971713672	4.05733510645	4.35779057156	4.4788556025	4.58027480481	4.74870489757	4.79506199353	4.86947434378	4.92950002234	5.00578158363	
error 0.0655970773945	0.194115901891	0.184397325784	0.0837711804735	0.122567525216	0.077040261352	0.117524051533	0.0993337550845	0.147647817853	0.102164779544	0.0985111566685	
>> 20071210
color #91278d
series 2.93928146982	3.6031800408	3.96071127154	4.15348167946	4.26485171497	4.38082411155	4.43293889607	4.53915490757	4.58812271707	4.65018072255	4.68503046865	
error nan	nan	nan	nan	nan	nan	nan	nan	nan	nan	nan	
