# shannon.txt
# Treatment
xaxis: 10.0	23.0	36.0	49.0	62.0	75.0	88.0	101.0	114.0	127.0	140.0	
xmax: 153.0
>> Control
color #ff0000
series 2.9956110639	3.88444367181	4.28189872138	4.52228206539	4.69867250687	4.82142333742	4.94878565526	5.03828115136	5.13137951211	5.1906806792	5.25733189299	
error 0.167406029757	0.296650278548	0.340795098212	0.313815706915	0.373532550494	0.390739747287	0.399155338095	0.41782501536	0.457310349608	0.450400003525	0.458758994069	
>> Fast
color #0000ff
series 3.00469346242	3.83486131988	4.41183063022	4.62070361443	4.85724854169	5.02691634073	5.10417913333	5.20230043216	5.26354679049	5.34466794301	5.40902651728	
error 0.164320447989	0.335057095606	0.278190485941	0.39712608811	0.367170998964	0.32880765923	0.38784677583	0.419762861801	0.427180660618	0.466160484519	0.445300299084	
