# shannon.txt
# SampleID
xaxis: 10.0	23.0	36.0	49.0	62.0	75.0	88.0	101.0	114.0	127.0	140.0	
xmax: 153.0
>> PC.636
color #5da09e
series 2.74808731503	3.28335128529	4.03969481508	4.06893321634	4.30831288977	4.55196122245	4.56193877297	4.61932134748	4.66419637401	4.70675109648	4.80623000045	
error nan	nan	nan	nan	nan	nan	nan	nan	nan	nan	nan	
>> PC.355
color #0000ff
series 2.90683034485	3.89128726909	4.24173243224	4.44156175203	4.60142312771	4.65731506616	4.86622894911	4.89439574861	5.01712216164	5.03166480188	5.10429274029	
error nan	nan	nan	nan	nan	nan	nan	nan	nan	nan	nan	
>> PC.607
color #ffff00
series 3.15437921987	4.04513108641	4.49647297919	4.81087791603	5.03404877701	5.16487437725	5.2261340919	5.35498067459	5.45377377951	5.54485939074	5.57711671419	
error nan	nan	nan	nan	nan	nan	nan	nan	nan	nan	nan	
>> PC.634
color #7cecf4
series 2.97437921987	3.85978677997	4.30800500299	4.46620790061	4.78118354255	4.93942698513	4.99456962058	5.06456954485	5.11396513729	5.15954666496	5.23454637203	
error nan	nan	nan	nan	nan	nan	nan	nan	nan	nan	nan	
>> PC.635
color #f49ac2
series 3.14192809489	4.15117612783	4.80314972362	5.13679542472	5.30544895743	5.4514027781	5.63407404789	5.77033016173	5.82225187116	5.96751461988	6.01821298247	
error nan	nan	nan	nan	nan	nan	nan	nan	nan	nan	nan	
>> PC.593
color #91278d
series 2.93928146982	3.6031800408	3.96071127154	4.15348167946	4.26485171497	4.38082411155	4.43293889607	4.53915490757	4.58812271707	4.65018072255	4.68503046865	
error nan	nan	nan	nan	nan	nan	nan	nan	nan	nan	nan	
>> PC.356
color #f27304
series 3.09437921987	4.22560836904	4.58962744184	4.72152947033	5.11003898275	5.19564861512	5.36615091595	5.53593438402	5.65022785538	5.71914337748	5.77827935482	
error nan	nan	nan	nan	nan	nan	nan	nan	nan	nan	nan	
>> PC.481
color #008000
series 3.26192809489	4.19908721483	4.74448468062	5.02081803406	5.16076063165	5.37009435082	5.44742866913	5.52619247816	5.67959830054	5.7250792513	5.81178647423	
error nan	nan	nan	nan	nan	nan	nan	nan	nan	nan	nan	
>> PC.354
color #ff0000
series 2.77563619006	3.50305546531	3.87293778067	4.27401939108	4.35628807728	4.50323454346	4.63118084604	4.69572823845	4.72182652593	4.82733524279	4.90727042696	
error nan	nan	nan	nan	nan	nan	nan	nan	nan	nan	nan	
