	sequences per sample	iteration	PC.636	PC.635	PC.356	PC.481	PC.354	PC.593	PC.355	PC.607	PC.634
alpha_rarefaction_10_0.biom	10	0	29.0	8.5	23.0	55.0	13.0	8.5	55.0	23.0	9.0
alpha_rarefaction_10_1.biom	10	1	22.0	13.0	23.0	55.0	16.0	12.0	13.0	29.0	23.0
alpha_rarefaction_10_2.biom	10	2	16.0	23.0	23.0	23.0	23.0	23.0	55.0	55.0	23.0
alpha_rarefaction_10_3.biom	10	3	55.0	23.0	55.0	23.0	23.0	13.0	23.0	13.0	29.0
alpha_rarefaction_10_4.biom	10	4	13.0	23.0	23.0	55.0	22.0	55.0	9.0	23.0	23.0
alpha_rarefaction_10_5.biom	10	5	12.0	55.0	23.0	55.0	12.0	23.0	23.0	23.0	13.0
alpha_rarefaction_10_6.biom	10	6	29.0	55.0	13.0	23.0	29.0	13.0	22.0	23.0	13.0
alpha_rarefaction_10_7.biom	10	7	13.0	55.0	29.0	55.0	55.0	29.0	8.5	55.0	55.0
alpha_rarefaction_10_8.biom	10	8	12.0	23.0	23.0	55.0	5.5	29.0	29.0	55.0	13.0
alpha_rarefaction_10_9.biom	10	9	12.0	55.0	23.0	55.0	13.0	13.0	29.0	55.0	23.0
alpha_rarefaction_23_0.biom	23	0	55.0	54.0	127.0	53.0	59.0	25.0	53.0	43.0	40.75
alpha_rarefaction_23_1.biom	23	1	107.0	54.0	127.0	127.0	93.0	29.0	36.5	59.0	53.0
alpha_rarefaction_23_2.biom	23	2	30.0	155.0	40.0	54.0	31.0	17.0	70.5	36.5	43.0
alpha_rarefaction_23_3.biom	23	3	19.0	78.0	78.0	40.0	48.0	29.75	49.0	59.0	36.5
alpha_rarefaction_23_4.biom	23	4	61.5	59.0	40.75	78.0	41.5	33.3333333333	36.5	138.0	36.5
alpha_rarefaction_23_5.biom	23	5	79.0	47.3333333333	96.5	78.0	25.0	29.0	49.0	96.5	53.0
alpha_rarefaction_23_6.biom	23	6	57.0	59.0	59.0	127.0	94.0	38.0	38.0	42.0	42.0
alpha_rarefaction_23_7.biom	23	7	25.0	211.0	43.0	59.0	22.3333333333	38.0	53.0	127.0	28.0
alpha_rarefaction_23_8.biom	23	8	29.0	70.5	78.0	70.5	25.0	42.5	29.75	87.0	172.0
alpha_rarefaction_23_9.biom	23	9	58.0	40.75	59.0	96.5	93.0	26.0	40.0	36.5	138.0
alpha_rarefaction_36_0.biom	36	0	43.0	104.0	118.75	191.5	81.0	29.0	73.5	147.0	104.0
alpha_rarefaction_36_1.biom	36	1	55.0	118.75	57.0	71.1666666667	60.0	110.0	47.6666666667	59.2	67.75
alpha_rarefaction_36_2.biom	36	2	34.6	141.75	138.333333333	111.25	55.0	42.75	28.1666666667	51.2	62.0
alpha_rarefaction_36_3.biom	36	3	61.25	64.0	73.5	90.0	49.3333333333	46.0	91.25	47.8571428571	50.2
alpha_rarefaction_36_4.biom	36	4	141.5	141.75	79.5	111.25	81.0	37.1666666667	42.0	71.1666666667	56.0
alpha_rarefaction_36_5.biom	36	5	50.3333333333	118.75	85.1666666667	85.1666666667	41.0	40.0	60.2	112.333333333	84.75
alpha_rarefaction_36_6.biom	36	6	66.5	138.333333333	98.0	71.1666666667	40.0	55.6	50.2	73.5	103.0
alpha_rarefaction_36_7.biom	36	7	67.3333333333	111.25	81.0	98.0	214.0	61.0	31.0	44.0	64.0
alpha_rarefaction_36_8.biom	36	8	66.3333333333	167.333333333	67.75	60.2	140.0	32.75	36.1666666667	36.0	67.3333333333
alpha_rarefaction_36_9.biom	36	9	84.75	58.0	84.75	58.0	72.5	25.5	43.0	66.75	57.0
alpha_rarefaction_49_0.biom	49	0	53.0	99.0	208.5	302.0	180.0	45.0	57.5	121.75	66.0
alpha_rarefaction_49_1.biom	49	1	73.5	203.333333333	99.0	162.0	76.2	81.5	80.6	161.0	54.75
alpha_rarefaction_49_2.biom	49	2	96.0	175.2	87.2	140.166666667	76.0	110.5	113.333333333	153.25	31.0
alpha_rarefaction_49_3.biom	49	3	120.0	72.1	113.25	99.0	121.0	34.2	105.0	56.1428571429	107.0
alpha_rarefaction_49_4.biom	49	4	129.0	87.3333333333	86.2	117.2	281.0	70.3333333333	65.25	110.6	150.0
alpha_rarefaction_49_5.biom	49	5	72.5	183.6	113.25	110.6	107.0	33.0	113.333333333	117.2	69.75
alpha_rarefaction_49_6.biom	49	6	112.333333333	162.0	180.0	181.0	128.5	35.2	53.4285714286	120.75	59.0
alpha_rarefaction_49_7.biom	49	7	120.0	237.333333333	87.75	102.0	99.5	45.75	52.4285714286	122.75	60.6666666667
alpha_rarefaction_49_8.biom	49	8	43.1428571429	97.125	159.0	93.5	121.0	48.6666666667	69.75	114.25	56.5
alpha_rarefaction_49_9.biom	49	9	120.75	154.25	143.6	81.4285714286	68.3333333333	216.0	131.0	76.8571428571	57.5
alpha_rarefaction_62_0.biom	62	0	61.0	221.2	143.166666667	178.2	56.5	44.2	82.6	102.142857143	163.0
alpha_rarefaction_62_1.biom	62	1	90.0	213.0	92.0	119.375	140.333333333	63.0	78.8571428571	181.25	80.2
alpha_rarefaction_62_2.biom	62	2	68.5	253.0	98.0	130.0	180.25	51.6666666667	94.0	156.0	119.2
alpha_rarefaction_62_3.biom	62	3	88.1666666667	136.0	100.125	211.5	133.0	39.0	54.5	130.0	113.6
alpha_rarefaction_62_4.biom	62	4	64.0	133.0	130.0	144.166666667	182.0	70.75	91.1666666667	118.5	94.0
alpha_rarefaction_62_5.biom	62	5	150.0	118.5	119.375	133.0	98.0	77.5	66.0	117.428571429	70.3333333333
alpha_rarefaction_62_6.biom	62	6	251.5	249.0	107.428571429	135.0	93.0	42.5	48.0	107.2	83.4285714286
alpha_rarefaction_62_7.biom	62	7	64.625	132.0	155.2	106.666666667	86.75	42.0	66.625	107.428571429	72.5
alpha_rarefaction_62_8.biom	62	8	73.1666666667	136.5	135.5	201.5	69.5	47.0	78.8571428571	142.166666667	95.0
alpha_rarefaction_62_9.biom	62	9	250.0	264.25	240.333333333	162.0	383.0	89.75	122.75	132.5	64.2727272727
alpha_rarefaction_75_0.biom	75	0	120.2	110.333333333	222.75	117.125	164.0	153.0	170.0	153.0	119.5
alpha_rarefaction_75_1.biom	75	1	86.25	138.875	126.142857143	139.5	106.666666667	63.875	82.0	158.2	100.8
alpha_rarefaction_75_2.biom	75	2	204.333333333	149.666666667	149.428571429	114.0	130.5	60.6	81.0	121.375	109.2
alpha_rarefaction_75_3.biom	75	3	102.142857143	175.0	114.857142857	115.111111111	204.333333333	51.125	241.333333333	92.3333333333	164.0
alpha_rarefaction_75_4.biom	75	4	117.5	166.0	216.0	196.5	83.6	69.0	163.0	127.75	88.25
alpha_rarefaction_75_5.biom	75	5	145.6	141.1	149.6	125.0	106.2	67.0	120.2	132.0	68.2727272727
alpha_rarefaction_75_6.biom	75	6	139.2	252.0	92.5	188.666666667	182.25	67.25	75.5	95.6	104.0
alpha_rarefaction_75_7.biom	75	7	138.5	137.875	143.142857143	192.125	319.5	85.6	95.0	132.0	155.0
alpha_rarefaction_75_8.biom	75	8	157.0	129.111111111	569.5	144.142857143	82.0	96.25	102.0	110.333333333	114.5
alpha_rarefaction_75_9.biom	75	9	114.6	233.6	125.75	115.857142857	162.0	46.1428571429	70.5	192.75	109.666666667
alpha_rarefaction_88_0.biom	88	0	83.6	180.909090909	164.428571429	117.111111111	141.2	119.333333333	114.857142857	106.666666667	81.8
alpha_rarefaction_88_1.biom	88	1	108.666666667	236.6	191.142857143	209.0	125.666666667	120.25	93.75	244.2	90.2727272727
alpha_rarefaction_88_2.biom	88	2	103.666666667	205.666666667	162.428571429	318.0	109.428571429	62.6	151.75	140.090909091	111.428571429
alpha_rarefaction_88_3.biom	88	3	156.0	169.0	205.5	140.875	165.0	53.0	85.0	190.6	151.75
alpha_rarefaction_88_4.biom	88	4	88.1111111111	241.166666667	212.666666667	197.5	163.0	54.375	65.0909090909	234.6	105.090909091
alpha_rarefaction_88_5.biom	88	5	93.0	215.666666667	187.375	106.090909091	173.0	119.25	109.428571429	123.3	151.428571429
alpha_rarefaction_88_6.biom	88	6	119.428571429	222.142857143	198.428571429	119.6	92.75	58.2	92.25	128.75	92.1428571429
alpha_rarefaction_88_7.biom	88	7	170.5	207.5	206.5	137.272727273	113.857142857	74.5	88.1111111111	182.2	90.1111111111
alpha_rarefaction_88_8.biom	88	8	97.8	207.857142857	122.3	140.875	240.333333333	68.0	104.125	158.5	121.428571429
alpha_rarefaction_88_9.biom	88	9	171.5	207.5	193.125	259.857142857	244.0	48.1428571429	85.75	198.2	159.2
alpha_rarefaction_101_0.biom	101	0	138.0	413.2	144.1	165.111111111	196.2	97.0	134.0	184.75	92.5
alpha_rarefaction_101_1.biom	101	1	216.0	166.5	196.125	216.428571429	126.75	85.0	93.5	170.875	116.0
alpha_rarefaction_101_2.biom	101	2	117.857142857	219.125	149.25	184.75	126.142857143	71.25	102.111111111	227.2	89.6
alpha_rarefaction_101_3.biom	101	3	162.428571429	439.25	134.25	137.272727273	254.0	61.4285714286	117.111111111	114.583333333	169.0
alpha_rarefaction_101_4.biom	101	4	97.6666666667	254.625	188.545454545	187.0	233.25	121.333333333	67.0909090909	181.0	135.25
alpha_rarefaction_101_5.biom	101	5	104.666666667	247.875	210.0	208.857142857	155.5	81.1666666667	135.0	194.142857143	87.75
alpha_rarefaction_101_6.biom	101	6	119.428571429	367.0	187.333333333	115.583333333	173.5	81.8571428571	108.0	177.25	101.375
alpha_rarefaction_101_7.biom	101	7	126.75	307.142857143	176.8	195.666666667	180.2	60.75	107.1	127.909090909	125.375
alpha_rarefaction_101_8.biom	101	8	107.272727273	162.272727273	275.5	258.0	180.2	70.0	117.125	292.5	96.0909090909
alpha_rarefaction_101_9.biom	101	9	84.5454545455	287.0	148.25	319.0	114.857142857	81.1666666667	77.5	207.5	95.75
alpha_rarefaction_114_0.biom	114	0	128.75	223.111111111	299.0	176.25	110.333333333	75.5	118.111111111	178.0	139.0
alpha_rarefaction_114_1.biom	114	1	177.0	203.6	239.3	207.0	118.6	72.0	111.5	155.083333333	129.0
alpha_rarefaction_114_2.biom	114	2	87.1538461538	292.0	124.5	236.0	150.428571429	60.0	143.666666667	198.125	144.5
alpha_rarefaction_114_3.biom	114	3	130.111111111	280.625	156.083333333	248.875	127.142857143	62.3333333333	111.5	241.0	143.666666667
alpha_rarefaction_114_4.biom	114	4	155.0	370.0	156.5	227.375	165.0	121.25	104.0	161.0	115.333333333
alpha_rarefaction_114_5.biom	114	5	152.428571429	301.0	255.625	216.333333333	145.111111111	87.0	147.142857143	172.1	113.272727273
alpha_rarefaction_114_6.biom	114	6	139.875	242.25	179.363636364	318.5	151.666666667	79.5	153.428571429	183.111111111	132.142857143
alpha_rarefaction_114_7.biom	114	7	122.0	267.857142857	163.272727273	195.666666667	156.857142857	100.5	118.75	240.0	240.25
alpha_rarefaction_114_8.biom	114	8	206.5	337.428571429	163.230769231	241.0	115.111111111	106.0	153.5	184.111111111	151.166666667
alpha_rarefaction_114_9.biom	114	9	101.8	265.5	184.909090909	204.111111111	167.166666667	76.9090909091	153.428571429	205.0	117.0
alpha_rarefaction_127_0.biom	127	0	146.625	369.0	256.545454545	250.875	264.0	88.875	141.0	182.5	144.875
alpha_rarefaction_127_1.biom	127	1	164.625	298.0	184.076923077	198.75	169.875	83.625	112.272727273	223.111111111	110.090909091
alpha_rarefaction_127_2.biom	127	2	106.230769231	257.0	141.176470588	232.0	153.6	102.5	105.583333333	223.111111111	124.125
alpha_rarefaction_127_3.biom	127	3	160.857142857	249.1	165.866666667	217.1	264.0	77.5	138.25	217.333333333	124.6
alpha_rarefaction_127_4.biom	127	4	107.1	270.1	174.0	252.333333333	146.111111111	68.3	102.0	145.214285714	106.0
alpha_rarefaction_127_5.biom	127	5	98.75	277.3	189.230769231	217.1	175.0	139.0	124.0	242.25	213.0
alpha_rarefaction_127_6.biom	127	6	139.0	325.125	188.230769231	160.461538462	178.0	88.875	154.5	210.666666667	115.272727273
alpha_rarefaction_127_7.biom	127	7	245.2	300.25	220.090909091	182.363636364	185.0	94.1428571429	105.583333333	190.545454545	107.0
alpha_rarefaction_127_8.biom	127	8	178.25	261.666666667	184.076923077	265.5	176.25	108.0	105.461538462	216.333333333	167.0
alpha_rarefaction_127_9.biom	127	9	141.090909091	307.0	202.333333333	198.5	234.6	108.0	147.625	230.0	160.0
alpha_rarefaction_140_0.biom	140	0	150.111111111	275.090909091	202.214285714	196.461538462	222.142857143	90.0	136.545454545	183.5	131.3
alpha_rarefaction_140_1.biom	140	1	191.375	380.25	188.0	222.583333333	165.5	78.5	121.75	210.0	135.1
alpha_rarefaction_140_2.biom	140	2	166.111111111	353.125	190.2	229.272727273	164.111111111	85.625	114.5	198.75	148.666666667
alpha_rarefaction_140_3.biom	140	3	146.1	353.125	183.3125	201.769230769	160.0	78.3333333333	117.583333333	235.6	123.909090909
alpha_rarefaction_140_4.biom	140	4	202.428571429	301.5	217.153846154	223.090909091	182.111111111	94.25	122.75	198.272727273	131.3
alpha_rarefaction_140_5.biom	140	5	178.25	353.125	195.461538462	243.3	175.8	85.0	130.909090909	203.090909091	131.3
alpha_rarefaction_140_6.biom	140	6	151.3	371.75	200.769230769	216.75	171.1	86.0	113.076923077	216.1	138.111111111
alpha_rarefaction_140_7.biom	140	7	141.0	275.090909091	173.882352941	193.0	164.111111111	94.25	126.0	188.833333333	131.3
alpha_rarefaction_140_8.biom	140	8	143.090909091	331.666666667	179.75	200.75	182.111111111	89.875	114.5	273.5	147.666666667
alpha_rarefaction_140_9.biom	140	9	166.111111111	309.1	211.615384615	223.583333333	188.333333333	110.142857143	131.909090909	209.8	152.625